1 0.000001 0.000001 0.000005 0.000009	 0.000003   0.000005
2 0.000002 0.000002 0.000009 0.000012	 0.000005   0.000007
4 0.000005 0.000006 0.000015 0.000019	 0.000010   0.000012
8 0.000019 0.000017 0.000035 0.000034	 0.000028   0.000022
16 0.000075 0.000063 0.000060 0.000060	 0.000111   0.000060
32 0.000314 0.000219 0.000129 0.000117	 0.000576   0.000234
64 0.001029 0.000785 0.000221 0.000286	 0.003789   0.001216
128 0.004437 0.002975 0.000472 0.000504	 0.029541   0.007961
256 0.015850 0.013155 0.001014 0.001121	 0.217236   0.056562
512 0.074529 0.053379 0.002120 0.002121	 1.720299   0.445145
1024 0.296074 0.195660 0.004780 0.004232 13.747372  3.460781
2048 1.218980 0.752366 0.011747 0.010924 109.399511 27.468770
4096 5.311247 3.411069 0.023331 0.020007 873.498    220.712
